0.000  0.002
0.002  0.002
0.004  0.002
0.006  0.002
0.008  0.002
0.010  0.002
0.012  0.002
0.014  0.002
0.016  0.002
0.018  0.002
0.020  0.002
0.022  0.002
0.024  0.002
0.026  0.002
0.028  0.008
0.030  0.002
0.032  0.002
0.034  0.002
0.036  0.002
0.038  0.002
0.040  0.002
0.042  0.002
0.044  0.002
0.046  0.002
0.048  0.002
0.050  0.002
0.052  0.002
0.054  0.002
0.056  0.002
0.058  0.002
0.060  0.002
0.062  0.002
0.064  0.002
0.066  0.002
0.068  0.002
0.070  0.002
0.072  0.002
0.074  0.002
0.076  0.002
0.078  0.002
0.080  0.002
0.082  0.002
0.084  0.002
0.086  0.002
0.088  0.006
0.090  0.002
0.092  0.002
0.094  0.002
0.096  0.002
0.098  0.002
0.100  0.002
0.102  0.002
0.104  0.002
0.106  0.002
0.108  0.002
0.110  0.002
0.112  0.002
0.114  0.002
0.116  0.002
0.118  0.002
0.120  0.002
0.122  0.002
0.124  0.002
0.126  0.002
0.128  0.002
0.130  0.002
0.132  0.002
0.134  0.002
0.136  0.002
0.138  0.002
0.140  0.002
0.142  0.002
0.144  0.002
0.146  0.002
0.148  0.002
0.150  0.002
0.152  0.002
0.154  0.002
0.156  0.002
0.158  0.002
0.160  0.002
0.162  0.002
0.164  0.002
0.166  0.002
0.168  0.002
0.170  0.002
0.172  0.002
0.174  0.002
0.176  0.002
0.178  0.002
0.180  0.002
0.182  0.002
0.184  0.002
0.186  0.002
0.188  0.002
0.190  0.002
0.192  0.002
0.194  0.002
0.196  0.002
0.198  0.002
0.200  0.002
0.202  0.002
0.204  0.002
0.206  0.002
0.208  0.002
0.210  0.002
0.212  0.002
0.214  0.002
0.216  0.002
0.218  0.002
0.220  0.002
0.222  0.002
0.224  0.002
0.226  0.002
0.228  0.002
0.230  0.002
0.232  0.002
0.234  0.002
0.236  0.002
0.238  0.002
0.240  0.002
0.242  0.002
0.244  0.002
0.246  0.002
0.248  0.002
0.250  0.002
0.252  0.002
0.254  0.002
0.256  0.002
0.258  0.002
0.260  0.002
0.262  0.002
0.264  0.002
0.266  0.002
0.268  0.002
0.270  0.002
0.272  0.002
0.274  0.002
0.276  0.002
0.278  0.002
0.280  0.002
0.282  0.002
0.284  0.002
0.286  0.002
0.288  0.002
0.290  0.002
0.292  0.002
0.294  0.002
0.296  0.002
0.298  0.002
0.300  0.002
0.302  0.002
0.304  0.002
0.306  0.002
0.308  0.002
0.310  0.002
0.312  0.002
0.314  0.002
0.316  0.002
0.318  0.002
0.320  0.002
0.322  0.002
0.324  0.002
0.326  0.002
0.328  0.002
0.330  0.002
0.332  0.002
0.334  0.002
0.336  0.002
0.338  0.002
0.340  0.002
0.342  0.002
0.344  0.002
0.346  0.002
0.348  0.002
0.350  0.002
0.352  0.002
0.354  0.002
0.356  0.002
0.358  0.002
0.360  0.002
0.362  0.002
0.364  0.002
0.366  0.002
0.368  0.002
0.370  0.002
0.372  0.002
0.374  0.002
0.376  0.002
0.378  0.002
0.380  0.002
0.382  0.002
0.384  0.002
0.386  0.002
0.388  0.002
0.390  0.002
0.392  0.002
0.394  0.002
0.396  0.002
0.398  0.002
0.400  0.002
0.402  0.002
0.404  0.002
0.406  0.002
0.408  0.002
0.410  0.002
0.412  0.002
0.414  0.002
0.416  0.002
0.418  0.002
0.420  0.002
0.422  0.002
0.424  0.002
0.426  0.006
0.428  0.002
0.430  0.002
0.432  0.002
0.434  0.002
0.436  0.002
0.438  0.002
0.440  0.002
0.442  0.002
0.444  0.002
0.446  0.002
0.448  0.002
0.450  0.002
0.452  0.002
0.454  0.002
0.456  0.002
0.458  0.002
0.460  0.002
0.462  0.002
0.464  0.002
0.466  0.002
0.468  0.002
0.470  0.002
0.472  0.002
0.474  0.002
0.476  0.002
0.478  0.002
0.480  0.002
0.482  0.002
0.484  0.002
0.486  0.008
0.488  0.002
0.490  0.002
0.492  0.002
0.494  0.002
0.496  0.002
0.498  0.002
0.500  0.002
0.502  0.002
0.504  0.002
0.506  0.002
0.508  0.002
0.510  0.002
0.512  0.002
0.514  0.002
0.516  0.002
0.518  0.002
0.520  0.002
0.522  0.002
0.524  0.002
0.526  0.002
0.528  0.002
0.530  0.002
0.532  0.002
0.534  0.002
0.536  0.002
0.538  0.002
0.540  0.002
0.542  0.002
0.544  0.002
0.546  0.006
0.548  0.002
0.550  0.002
0.552  0.002
0.554  0.002
0.556  0.002
0.558  0.002
0.560  0.002
0.562  0.002
0.564  0.002
0.566  0.002
0.568  0.002
0.570  0.002
0.572  0.002
0.574  0.002
0.576  0.002
0.578  0.002
0.580  0.002
0.582  0.002
0.584  0.002
0.586  0.002
0.588  0.002
0.590  0.002
0.592  0.002
0.594  0.002
0.596  0.002
0.598  0.002
0.600  0.002
0.602  0.002
0.604  0.002
0.606  0.002
0.608  0.002
0.610  0.002
0.612  0.002
0.614  0.002
0.616  0.002
0.618  0.002
0.620  0.002
0.622  0.002
0.624  0.002
0.626  0.002
0.628  0.002
0.630  0.002
0.632  0.002
0.634  0.002
0.636  0.002
0.638  0.002
0.640  0.002
0.642  0.002
0.644  0.002
0.646  0.002
0.648  0.002
0.650  0.002
0.652  0.002
0.654  0.002
0.656  0.002
0.658  0.002
0.660  0.002
0.662  0.002
0.664  0.002
0.666  0.008
0.668  0.002
0.670  0.002
0.672  0.002
0.674  0.002
0.676  0.002
0.678  0.002
0.680  0.002
0.682  0.002
0.684  0.002
0.686  0.002
0.688  0.002
0.690  0.002
0.692  0.002
0.694  0.002
0.696  0.002
0.698  0.006
0.700  0.002
0.702  0.002
0.704  0.002
0.706  0.002
0.708  0.002
0.710  0.002
0.712  0.002
0.714  0.002
0.716  0.002
0.718  0.002
0.720  0.002
0.722  0.002
0.724  0.002
0.726  0.002
0.728  0.002
0.730  0.002
0.732  0.002
0.734  0.002
0.736  0.002
0.738  0.002
0.740  0.002
0.742  0.002
0.744  0.002
0.746  0.002
0.748  0.002
0.750  0.002
0.752  0.002
0.754  0.002
0.756  0.002
0.758  0.002
0.760  0.002
0.762  0.002
0.764  0.002
0.766  0.002
0.768  0.002
0.770  0.002
0.772  0.002
0.774  0.002
0.776  0.002
0.778  0.002
0.780  0.002
0.782  0.002
0.784  0.002
0.786  0.002
0.788  0.002
0.790  0.002
0.792  0.002
0.794  0.002
0.796  0.002
0.798  0.002
0.800  0.002
0.802  0.002
0.804  0.002
0.806  0.002
0.808  0.002
0.810  0.002
0.812  0.002
0.814  0.002
0.816  0.002
0.818  0.002
0.820  0.002
0.822  0.002
0.824  0.002
0.826  0.002
0.828  0.002
0.830  0.002
0.832  0.002
0.834  0.002
0.836  0.002
0.838  0.002
0.840  0.002
0.842  0.002
0.844  0.002
0.846  0.002
0.848  0.002
0.850  0.002
0.852  0.002
0.854  0.002
0.856  0.002
0.858  0.002
0.860  0.002
0.862  0.002
0.864  0.002
0.866  0.002
0.868  0.002
0.870  0.002
0.872  0.002
0.874  0.002
0.876  0.002
0.878  0.002
0.880  0.002
0.882  0.002
0.884  0.002
0.886  0.002
0.888  0.002
0.890  0.002
0.892  0.002
0.894  0.002
0.896  0.002
0.898  0.002
0.900  0.002
0.902  0.002
0.904  0.002
0.906  0.002
0.908  0.002
0.910  0.002
0.912  0.002
0.914  0.002
0.916  0.002
0.918  0.002
0.920  0.002
0.922  0.002
0.924  0.002
0.926  0.002
0.928  0.002
0.930  0.002
0.932  0.002
0.934  0.002
0.936  0.002
0.938  0.002
0.940  0.002
0.942  0.002
0.944  0.002
0.946  0.002
0.948  0.002
0.950  0.002
0.952  0.002
0.954  0.002
0.956  0.002
0.958  0.002
0.960  0.002
0.962  0.002
0.964  0.002
0.966  0.002
0.968  0.002
0.970  0.002
0.972  0.002
0.974  0.002
0.976  0.002
0.978  0.002
0.980  0.002
0.982  0.002
0.984  0.002
0.986  0.002
0.988  0.002
0.990  0.002
0.992  0.002
0.994  0.002
0.996  0.008
0.998  0.002

