0.000  0.002
0.004  0.002
0.008  0.002
0.012  0.002
0.016  0.002
0.020  0.002
0.024  0.002
0.028  0.002
0.032  0.002
0.036  0.002
0.040  0.002
0.044  0.002
0.048  0.002
0.052  0.002
0.056  0.002
0.060  0.002
0.064  0.002
0.068  0.002
0.072  0.002
0.076  0.002
0.080  0.002
0.084  0.002
0.088  0.002
0.092  0.002
0.096  0.002
0.100  0.002
0.104  0.002
0.108  0.002
0.112  0.002
0.116  0.002
0.120  0.002
0.124  0.002
0.128  0.002
0.132  0.002
0.136  0.002
0.140  0.002
0.144  0.002
0.148  0.002
0.152  0.002
0.156  0.002
0.160  0.006
0.164  0.002
0.168  0.002
0.172  0.002
0.176  0.002
0.180  0.002
0.184  0.008
0.188  0.002
0.192  0.002
0.196  0.002
0.200  0.002
0.204  0.002
0.208  0.002
0.212  0.002
0.216  0.002
0.220  0.002
0.224  0.002
0.228  0.002
0.232  0.002
0.236  0.002
0.240  0.002
0.244  0.002
0.248  0.002
0.252  0.002
0.256  0.002
0.260  0.002
0.264  0.002
0.268  0.002
0.272  0.002
0.276  0.002
0.280  0.002
0.284  0.002
0.288  0.002
0.292  0.002
0.296  0.002
0.300  0.006
0.304  0.002
0.308  0.002
0.312  0.002
0.316  0.002
0.320  0.002
0.324  0.002
0.328  0.002
0.332  0.002
0.336  0.002
0.340  0.002
0.344  0.002
0.348  0.002
0.352  0.002
0.356  0.002
0.360  0.002
0.364  0.002
0.368  0.002
0.372  0.002
0.376  0.002
0.380  0.002
0.384  0.002
0.388  0.002
0.392  0.002
0.396  0.002
0.400  0.002
0.404  0.002
0.408  0.002
0.412  0.002
0.416  0.002
0.420  0.002
0.424  0.002
0.428  0.002
0.432  0.002
0.436  0.002
0.440  0.002
0.444  0.002
0.448  0.002
0.452  0.002
0.456  0.002
0.460  0.002
0.464  0.002
0.468  0.002
0.472  0.006
0.476  0.002
0.480  0.002
0.484  0.002
0.488  0.002
0.492  0.002
0.496  0.002
0.500  0.002
0.504  0.002
0.508  0.002
0.512  0.002
0.516  0.006
0.520  0.002
0.524  0.002
0.528  0.002
0.532  0.002
0.536  0.002
0.540  0.002
0.544  0.002
0.548  0.002
0.552  0.002
0.556  0.002
0.560  0.002
0.564  0.002
0.568  0.002
0.572  0.002
0.576  0.002
0.580  0.002
0.584  0.002
0.588  0.002
0.592  0.002
0.596  0.002
0.600  0.002
0.604  0.002
0.608  0.002
0.612  0.002
0.616  0.002
0.620  0.002
0.624  0.002
0.628  0.002
0.632  0.002
0.636  0.002
0.640  0.002
0.644  0.002
0.648  0.002
0.652  0.002
0.656  0.002
0.660  0.002
0.664  0.002
0.668  0.002
0.672  0.002
0.676  0.002
0.680  0.002
0.684  0.002
0.688  0.002
0.692  0.002
0.696  0.002
0.700  0.002
0.704  0.002
0.708  0.002
0.712  0.002
0.716  0.002
0.720  0.002
0.724  0.002
0.728  0.002
0.732  0.002
0.736  0.002
0.740  0.002
0.744  0.002
0.748  0.002
0.752  0.002
0.756  0.002
0.760  0.002
0.764  0.002
0.768  0.002
0.772  0.002
0.776  0.002
0.780  0.002
0.784  0.002
0.788  0.002
0.792  0.002
0.796  0.002
0.800  0.002
0.804  0.002
0.808  0.002
0.812  0.002
0.816  0.002
0.820  0.002
0.824  0.002
0.828  0.002
0.832  0.002
0.836  0.002
0.840  0.002
0.844  0.002
0.848  0.002
0.852  0.002
0.856  0.002
0.860  0.002
0.864  0.002
0.868  0.002
0.872  0.002
0.876  0.002
0.880  0.002
0.884  0.002
0.888  0.002
0.892  0.002
0.896  0.002
0.900  0.002
0.904  0.002
0.908  0.002
0.912  0.002
0.916  0.002
0.920  0.002
0.924  0.002
0.928  0.002
0.932  0.002
0.936  0.002
0.940  0.002
0.944  0.002
0.948  0.002
0.952  0.002
0.956  0.002
0.960  0.002
0.964  0.002
0.968  0.002
0.972  0.002
0.976  0.002
0.980  0.002
0.984  0.002
0.988  0.002
0.992  0.002
0.996  0.002
1.000  0.002
1.004  0.002
1.008  0.002
1.012  0.002
1.016  0.002
1.020  0.002
1.024  0.002
1.028  0.002
1.032  0.002
1.036  0.002
1.040  0.002
1.044  0.002
1.048  0.002
1.052  0.002
1.056  0.002
1.060  0.002
1.064  0.002
1.068  0.002
1.072  0.002
1.076  0.002
1.080  0.002
1.084  0.002
1.088  0.002
1.092  0.002
1.096  0.002
1.100  0.002
1.104  0.002
1.108  0.002
1.112  0.002
1.116  0.002
1.120  0.002
1.124  0.002
1.128  0.002
1.132  0.002
1.136  0.002
1.140  0.002
1.144  0.006
1.148  0.002
1.152  0.002
1.156  0.002
1.160  0.002
1.164  0.002
1.168  0.002
1.172  0.002
1.176  0.006
1.180  0.002
1.184  0.002
1.188  0.002
1.192  0.002
1.196  0.002
1.200  0.002
1.204  0.002
1.208  0.002
1.212  0.002
1.216  0.002
1.220  0.002
1.224  0.002
1.228  0.002
1.232  0.002
1.236  0.002
1.240  0.002
1.244  0.006
1.248  0.002
1.252  0.006
1.256  0.002
1.260  0.002
1.264  0.002
1.268  0.002
1.272  0.006
1.276  0.002
1.280  0.002
1.284  0.002
1.288  0.002
1.292  0.002
1.296  0.002
1.300  0.002
1.304  0.002
1.308  0.002
1.312  0.002
1.316  0.002
1.320  0.002
1.324  0.002
1.328  0.002
1.332  0.002
1.336  0.006
1.340  0.002
1.344  0.002
1.348  0.002
1.352  0.002
1.356  0.002
1.360  0.002
1.364  0.002
1.368  0.002
1.372  0.002
1.376  0.002
1.380  0.002
1.384  0.002
1.388  0.002
1.392  0.002
1.396  0.002
1.400  0.006
1.404  0.002
1.408  0.002
1.412  0.002
1.416  0.002
1.420  0.002
1.424  0.002
1.428  0.002
1.432  0.006
1.436  0.002
1.440  0.002
1.444  0.002
1.448  0.002
1.452  0.002
1.456  0.002
1.460  0.002
1.464  0.002
1.468  0.002
1.472  0.002
1.476  0.002
1.480  0.002
1.484  0.002
1.488  0.002
1.492  0.002
1.496  0.002
1.500  0.002
1.504  0.006
1.508  0.002
1.512  0.002
1.516  0.002
1.520  0.002
1.524  0.002
1.528  0.002
1.532  0.002
1.536  0.002
1.540  0.002
1.544  0.002
1.548  0.002
1.552  0.002
1.556  0.002
1.560  0.002
1.564  0.002
1.568  0.002
1.572  0.002
1.576  0.002
1.580  0.002
1.584  0.006
1.588  0.002
1.592  0.008
1.596  0.002
1.600  0.006
1.604  0.002
1.608  0.002
1.612  0.002
1.616  0.008
1.620  0.002
1.624  0.002
1.628  0.002
1.632  0.002
1.636  0.002
1.640  0.002
1.644  0.002
1.648  0.002
1.652  0.002
1.656  0.006
1.660  0.002
1.664  0.002
1.668  0.006
1.672  0.002
1.676  0.002
1.680  0.002
1.684  0.002
1.688  0.002
1.692  0.002
1.696  0.006
1.700  0.002
1.704  0.002
1.708  0.002
1.712  0.002
1.716  0.002
1.720  0.002
1.724  0.002
1.728  0.002
1.732  0.002
1.736  0.002
1.740  0.002
1.744  0.002
1.748  0.002
1.752  0.002
1.756  0.002
1.760  0.002
1.764  0.002
1.768  0.002
1.772  0.002
1.776  0.002
1.780  0.002
1.784  0.002
1.788  0.002
1.792  0.002
1.796  0.002
1.800  0.002
1.804  0.002
1.808  0.002
1.812  0.002
1.816  0.002
1.820  0.002
1.824  0.002
1.828  0.002
1.832  0.002
1.836  0.002
1.840  0.002
1.844  0.002
1.848  0.002
1.852  0.002
1.856  0.002
1.860  0.002
1.864  0.002
1.868  0.002
1.872  0.002
1.876  0.002
1.880  0.002
1.884  0.002
1.888  0.002
1.892  0.002
1.896  0.002
1.900  0.002
1.904  0.002
1.908  0.002
1.912  0.002
1.916  0.002
1.920  0.002
1.924  0.002
1.928  0.002
1.932  0.002
1.936  0.002
1.940  0.002
1.944  0.002
1.948  0.002
1.952  0.002
1.956  0.002
1.960  0.002
1.964  0.002
1.968  0.002
1.972  0.002
1.976  0.002
1.980  0.002
1.984  0.002
1.988  0.002
1.992  0.002
1.996  0.002

