0.000  0.002
0.020  0.002
0.040  0.002
0.060  0.002
0.080  0.002
0.100  0.002
0.120  0.002
0.140  0.002
0.160  0.002
0.180  0.002
0.200  0.002
0.220  0.002
0.240  0.002
0.260  0.002
0.280  0.002
0.300  0.002
0.320  0.002
0.340  0.002
0.360  0.002
0.380  0.002
0.400  0.002
0.420  0.002
0.440  0.002
0.460  0.002
0.480  0.002
0.500  0.002
0.520  0.002
0.540  0.002
0.560  0.002
0.580  0.002
0.600  0.002
0.620  0.002
0.640  0.002
0.660  0.002
0.680  0.002
0.700  0.002
0.720  0.002
0.740  0.002
0.760  0.002
0.780  0.002
0.800  0.002
0.820  0.002
0.840  0.002
0.860  0.002
0.880  0.002
0.900  0.002
0.920  0.002
0.940  0.002
0.960  0.002
0.980  0.002
1.000  0.002
1.020  0.002
1.040  0.002
1.060  0.002
1.080  0.002
1.100  0.002
1.120  0.002
1.140  0.002
1.160  0.002
1.180  0.002
1.200  0.002
1.220  0.002
1.240  0.002
1.260  0.002
1.280  0.002
1.300  0.002
1.320  0.002
1.340  0.002
1.360  0.002
1.380  0.002
1.400  0.002
1.420  0.002
1.440  0.002
1.460  0.002
1.480  0.002
1.500  0.002
1.520  0.002
1.540  0.002
1.560  0.002
1.580  0.002
1.600  0.002
1.620  0.002
1.640  0.002
1.660  0.002
1.680  0.002
1.700  0.002
1.720  0.002
1.740  0.002
1.760  0.002
1.780  0.002
1.800  0.002
1.820  0.002
1.840  0.002
1.860  0.002
1.880  0.002
1.900  0.002
1.920  0.002
1.940  0.002
1.960  0.002
1.980  0.002
2.000  0.002
2.020  0.002
2.040  0.002
2.060  0.002
2.080  0.002
2.100  0.002
2.120  0.002
2.140  0.002
2.160  0.002
2.180  0.002
2.200  0.002
2.220  0.002
2.240  0.002
2.260  0.002
2.280  0.002
2.300  0.002
2.320  0.002
2.340  0.002
2.360  0.002
2.380  0.002
2.400  0.002
2.420  0.002
2.440  0.002
2.460  0.002
2.480  0.002
2.500  0.002
2.520  0.002
2.540  0.002
2.560  0.002
2.580  0.002
2.600  0.002
2.620  0.002
2.640  0.002
2.660  0.002
2.680  0.002
2.700  0.002
2.720  0.002
2.740  0.002
2.760  0.002
2.780  0.002
2.800  0.002
2.820  0.002
2.840  0.002
2.860  0.002
2.880  0.002
2.900  0.002
2.920  0.002
2.940  0.002
2.960  0.002
2.980  0.002
3.000  0.002
3.020  0.002
3.040  0.002
3.060  0.002
3.080  0.002
3.100  0.002
3.120  0.006
3.140  0.002
3.160  0.002
3.180  0.002
3.200  0.002
3.220  0.002
3.240  0.002
3.260  0.002
3.280  0.002
3.300  0.002
3.320  0.002
3.340  0.002
3.360  0.002
3.380  0.002
3.400  0.002
3.420  0.002
3.440  0.002
3.460  0.002
3.480  0.002
3.500  0.002
3.520  0.002
3.540  0.002
3.560  0.002
3.580  0.002
3.600  0.002
3.620  0.002
3.640  0.002
3.660  0.002
3.680  0.002
3.700  0.002
3.720  0.002
3.740  0.002
3.760  0.002
3.780  0.002
3.800  0.002
3.820  0.002
3.840  0.002
3.860  0.002
3.880  0.002
3.900  0.002
3.920  0.002
3.940  0.002
3.960  0.002
3.980  0.002
4.000  0.002
4.020  0.002
4.040  0.002
4.060  0.002
4.080  0.002
4.100  0.002
4.120  0.002
4.140  0.002
4.160  0.002
4.180  0.002
4.200  0.002
4.220  0.002
4.240  0.002
4.260  0.002
4.280  0.002
4.300  0.002
4.320  0.002
4.340  0.002
4.360  0.002
4.380  0.002
4.400  0.002
4.420  0.002
4.440  0.002
4.460  0.002
4.480  0.002
4.500  0.002
4.520  0.002
4.540  0.002
4.560  0.002
4.580  0.002
4.600  0.002
4.620  0.002
4.640  0.002
4.660  0.002
4.680  0.002
4.700  0.002
4.720  0.002
4.740  0.002
4.760  0.002
4.780  0.002
4.800  0.002
4.820  0.002
4.840  0.002
4.860  0.002
4.880  0.002
4.900  0.002
4.920  0.002
4.940  0.002
4.960  0.002
4.980  0.002
5.000  0.002
5.020  0.006
5.040  0.002
5.060  0.002
5.080  0.002
5.100  0.008
5.120  0.002
5.140  0.002
5.160  0.002
5.180  0.002
5.200  0.002
5.220  0.002
5.240  0.002
5.260  0.002
5.280  0.002
5.300  0.002
5.320  0.002
5.340  0.002
5.360  0.002
5.380  0.002
5.400  0.002
5.420  0.002
5.440  0.002
5.460  0.002
5.480  0.002
5.500  0.002
5.520  0.002
5.540  0.002
5.560  0.002
5.580  0.002
5.600  0.002
5.620  0.002
5.640  0.002
5.660  0.002
5.680  0.002
5.700  0.002
5.720  0.002
5.740  0.002
5.760  0.002
5.780  0.002
5.800  0.002
5.820  0.002
5.840  0.002
5.860  0.002
5.880  0.002
5.900  0.002
5.920  0.002
5.940  0.002
5.960  0.002
5.980  0.002
6.000  0.002
6.020  0.002
6.040  0.002
6.060  0.002
6.080  0.006
6.100  0.002
6.120  0.002
6.140  0.002
6.160  0.002
6.180  0.002
6.200  0.002
6.220  0.002
6.240  0.002
6.260  0.002
6.280  0.002
6.300  0.002
6.320  0.002
6.340  0.002
6.360  0.002
6.380  0.002
6.400  0.002
6.420  0.002
6.440  0.002
6.460  0.002
6.480  0.002
6.500  0.002
6.520  0.002
6.540  0.002
6.560  0.002
6.580  0.002
6.600  0.002
6.620  0.002
6.640  0.002
6.660  0.002
6.680  0.002
6.700  0.002
6.720  0.002
6.740  0.002
6.760  0.002
6.780  0.002
6.800  0.002
6.820  0.002
6.840  0.002
6.860  0.002
6.880  0.002
6.900  0.002
6.920  0.002
6.940  0.002
6.960  0.002
6.980  0.002
7.000  0.002
7.020  0.002
7.040  0.002
7.060  0.002
7.080  0.002
7.100  0.002
7.120  0.002
7.140  0.002
7.160  0.002
7.180  0.002
7.200  0.008
7.220  0.002
7.240  0.002
7.260  0.002
7.280  0.002
7.300  0.002
7.320  0.002
7.340  0.002
7.360  0.002
7.380  0.002
7.400  0.002
7.420  0.002
7.440  0.002
7.460  0.002
7.480  0.002
7.500  0.002
7.520  0.002
7.540  0.002
7.560  0.002
7.580  0.002
7.600  0.002
7.620  0.002
7.640  0.002
7.660  0.002
7.680  0.002
7.700  0.002
7.720  0.002
7.740  0.002
7.760  0.002
7.780  0.002
7.800  0.002
7.820  0.002
7.840  0.002
7.860  0.002
7.880  0.002
7.900  0.002
7.920  0.002
7.940  0.002
7.960  0.002
7.980  0.006
8.000  0.002
8.020  0.002
8.040  0.002
8.060  0.002
8.080  0.002
8.100  0.002
8.120  0.002
8.140  0.002
8.160  0.002
8.180  0.002
8.200  0.002
8.220  0.002
8.240  0.002
8.260  0.002
8.280  0.002
8.300  0.002
8.320  0.002
8.340  0.002
8.360  0.002
8.380  0.002
8.400  0.002
8.420  0.002
8.440  0.002
8.460  0.002
8.480  0.002
8.500  0.002
8.520  0.002
8.540  0.002
8.560  0.002
8.580  0.002
8.600  0.006
8.620  0.002
8.640  0.002
8.660  0.002
8.680  0.002
8.700  0.002
8.720  0.002
8.740  0.002
8.760  0.008
8.780  0.002
8.800  0.002
8.820  0.002
8.840  0.002
8.860  0.002
8.880  0.002
8.900  0.002
8.920  0.002
8.940  0.002
8.960  0.002
8.980  0.008
9.000  0.002
9.020  0.002
9.040  0.008
9.060  0.002
9.080  0.006
9.100  0.002
9.120  0.002
9.140  0.002
9.160  0.002
9.180  0.002
9.200  0.006
9.220  0.002
9.240  0.002
9.260  0.002
9.280  0.002
9.300  0.002
9.320  0.002
9.340  0.002
9.360  0.002
9.380  0.006
9.400  0.002
9.420  0.002
9.440  0.002
9.460  0.002
9.480  0.002
9.500  0.002
9.520  0.002
9.540  0.002
9.560  0.002
9.580  0.008
9.600  0.002
9.620  0.002
9.640  0.002
9.660  0.002
9.680  0.002
9.700  0.002
9.720  0.002
9.740  0.002
9.760  0.002
9.780  0.002
9.800  0.002
9.820  0.002
9.840  0.002
9.860  0.002
9.880  0.002
9.900  0.002
9.920  0.002
9.940  0.002
9.960  0.002
9.980  0.002

