0.000  0.002
1.000  0.002
2.000  0.002
3.000  0.002
4.000  0.002
5.000  0.002
6.000  0.002
7.000  0.002
8.000  0.002
9.000  0.002
10.000  0.002
11.000  0.002
12.000  0.002
13.000  0.002
14.000  0.002
15.000  0.002
16.000  0.002
17.000  0.002
18.000  0.002
19.000  0.002
20.000  0.002
21.000  0.002
22.000  0.002
23.000  0.002
24.000  0.002
25.000  0.002
26.000  0.006
27.000  0.002
28.000  0.002
29.000  0.002
30.000  0.002
31.000  0.002
32.000  0.002
33.000  0.002
34.000  0.002
35.000  0.002
36.000  0.002
37.000  0.002
38.000  0.002
39.000  0.002
40.000  0.002
41.000  0.002
42.000  0.002
43.000  0.002
44.000  0.002
45.000  0.002
46.000  0.002
47.000  0.002
48.000  0.002
49.000  0.002
50.000  0.002
51.000  0.002
52.000  0.002
53.000  0.002
54.000  0.002
55.000  0.002
56.000  0.002
57.000  0.002
58.000  0.002
59.000  0.002
60.000  0.002
61.000  0.002
62.000  0.002
63.000  0.002
64.000  0.002
65.000  0.002
66.000  0.008
67.000  0.002
68.000  0.002
69.000  0.002
70.000  0.002
71.000  0.002
72.000  0.002
73.000  0.002
74.000  0.002
75.000  0.002
76.000  0.002
77.000  0.002
78.000  0.002
79.000  0.002
80.000  0.002
81.000  0.002
82.000  0.002
83.000  0.002
84.000  0.002
85.000  0.002
86.000  0.006
87.000  0.002
88.000  0.002
89.000  0.002
90.000  0.002
91.000  0.002
92.000  0.002
93.000  0.002
94.000  0.002
95.000  0.002
96.000  0.002
97.000  0.002
98.000  0.002
99.000  0.002
100.000  0.002
101.000  0.002
102.000  0.002
103.000  0.002
104.000  0.002
105.000  0.002
106.000  0.002
107.000  0.008
108.000  0.002
109.000  0.002
110.000  0.002
111.000  0.002
112.000  0.002
113.000  0.002
114.000  0.002
115.000  0.002
116.000  0.002
117.000  0.002
118.000  0.002
119.000  0.002
120.000  0.002
121.000  0.002
122.000  0.002
123.000  0.002
124.000  0.002
125.000  0.002
126.000  0.002
127.000  0.002
128.000  0.002
129.000  0.002
130.000  0.002
131.000  0.002
132.000  0.002
133.000  0.002
134.000  0.002
135.000  0.002
136.000  0.002
137.000  0.002
138.000  0.002
139.000  0.002
140.000  0.002
141.000  0.002
142.000  0.002
143.000  0.002
144.000  0.002
145.000  0.002
146.000  0.002
147.000  0.002
148.000  0.002
149.000  0.002
150.000  0.002
151.000  0.002
152.000  0.002
153.000  0.002
154.000  0.002
155.000  0.002
156.000  0.002
157.000  0.002
158.000  0.002
159.000  0.002
160.000  0.002
161.000  0.002
162.000  0.002
163.000  0.002
164.000  0.002
165.000  0.002
166.000  0.002
167.000  0.002
168.000  0.002
169.000  0.002
170.000  0.002
171.000  0.002
172.000  0.002
173.000  0.002
174.000  0.002
175.000  0.002
176.000  0.002
177.000  0.002
178.000  0.002
179.000  0.002
180.000  0.002
181.000  0.002
182.000  0.002
183.000  0.002
184.000  0.002
185.000  0.002
186.000  0.008
187.000  0.002
188.000  0.006
189.000  0.002
190.000  0.002
191.000  0.002
192.000  0.002
193.000  0.002
194.000  0.002
195.000  0.002
196.000  0.002
197.000  0.002
198.000  0.002
199.000  0.002
200.000  0.002
201.000  0.002
202.000  0.002
203.000  0.002
204.000  0.002
205.000  0.002
206.000  0.008
207.000  0.002
208.000  0.002
209.000  0.002
210.000  0.002
211.000  0.002
212.000  0.002
213.000  0.002
214.000  0.002
215.000  0.002
216.000  0.002
217.000  0.002
218.000  0.002
219.000  0.002
220.000  0.002
221.000  0.002
222.000  0.002
223.000  0.002
224.000  0.002
225.000  0.002
226.000  0.002
227.000  0.002
228.000  0.002
229.000  0.002
230.000  0.002
231.000  0.002
232.000  0.002
233.000  0.002
234.000  0.002
235.000  0.002
236.000  0.002
237.000  0.002
238.000  0.002
239.000  0.002
240.000  0.002
241.000  0.002
242.000  0.002
243.000  0.002
244.000  0.002
245.000  0.002
246.000  0.008
247.000  0.002
248.000  0.002
249.000  0.002
250.000  0.002
251.000  0.002
252.000  0.002
253.000  0.002
254.000  0.002
255.000  0.002
256.000  0.002
257.000  0.002
258.000  0.002
259.000  0.002
260.000  0.002
261.000  0.002
262.000  0.002
263.000  0.002
264.000  0.002
265.000  0.002
266.000  0.002
267.000  0.002
268.000  0.002
269.000  0.002
270.000  0.002
271.000  0.002
272.000  0.002
273.000  0.002
274.000  0.002
275.000  0.002
276.000  0.002
277.000  0.002
278.000  0.002
279.000  0.002
280.000  0.002
281.000  0.002
282.000  0.002
283.000  0.002
284.000  0.002
285.000  0.002
286.000  0.002
287.000  0.002
288.000  0.002
289.000  0.002
290.000  0.002
291.000  0.002
292.000  0.002
293.000  0.002
294.000  0.002
295.000  0.002
296.000  0.002
297.000  0.002
298.000  0.002
299.000  0.002
300.000  0.002
301.000  0.002
302.000  0.002
303.000  0.002
304.000  0.002
305.000  0.002
306.000  0.002
307.000  0.002
308.000  0.002
309.000  0.002
310.000  0.002
311.000  0.002
312.000  0.002
313.000  0.002
314.000  0.002
315.000  0.002
316.000  0.002
317.000  0.002
318.000  0.002
319.000  0.002
320.000  0.002
321.000  0.002
322.000  0.002
323.000  0.002
324.000  0.002
325.000  0.002
326.000  0.002
327.000  0.002
328.000  0.002
329.000  0.002
330.000  0.002
331.000  0.002
332.000  0.002
333.000  0.002
334.000  0.002
335.000  0.002
336.000  0.002
337.000  0.002
338.000  0.002
339.000  0.002
340.000  0.002
341.000  0.002
342.000  0.002
343.000  0.002
344.000  0.002
345.000  0.006
346.000  0.002
347.000  0.002
348.000  0.002
349.000  0.002
350.000  0.002
351.000  0.002
352.000  0.002
353.000  0.002
354.000  0.002
355.000  0.002
356.000  0.002
357.000  0.002
358.000  0.002
359.000  0.002
360.000  0.002
361.000  0.002
362.000  0.002
363.000  0.002
364.000  0.002
365.000  0.002
366.000  0.002
367.000  0.002
368.000  0.002
369.000  0.002
370.000  0.002
371.000  0.002
372.000  0.002
373.000  0.002
374.000  0.002
375.000  0.002
376.000  0.002
377.000  0.002
378.000  0.002
379.000  0.002
380.000  0.002
381.000  0.002
382.000  0.002
383.000  0.002
384.000  0.002
385.000  0.006
386.000  0.002
387.000  0.002
388.000  0.002
389.000  0.002
390.000  0.002
391.000  0.002
392.000  0.002
393.000  0.002
394.000  0.002
395.000  0.002
396.000  0.002
397.000  0.002
398.000  0.002
399.000  0.002
400.000  0.002
401.000  0.002
402.000  0.002
403.000  0.002
404.000  0.002
405.000  0.002
406.000  0.002
407.000  0.002
408.000  0.002
409.000  0.002
410.000  0.002
411.000  0.002
412.000  0.002
413.000  0.002
414.000  0.002
415.000  0.002
416.000  0.002
417.000  0.002
418.000  0.002
419.000  0.002
420.000  0.002
421.000  0.002
422.000  0.002
423.000  0.002
424.000  0.002
425.000  0.006
426.000  0.002
427.000  0.002
428.000  0.002
429.000  0.002
430.000  0.002
431.000  0.002
432.000  0.002
433.000  0.002
434.000  0.002
435.000  0.002
436.000  0.002
437.000  0.002
438.000  0.002
439.000  0.002
440.000  0.002
441.000  0.002
442.000  0.002
443.000  0.002
444.000  0.002
445.000  0.002
446.000  0.002
447.000  0.002
448.000  0.002
449.000  0.002
450.000  0.002
451.000  0.002
452.000  0.002
453.000  0.002
454.000  0.002
455.000  0.002
456.000  0.002
457.000  0.002
458.000  0.002
459.000  0.002
460.000  0.002
461.000  0.002
462.000  0.002
463.000  0.002
464.000  0.002
465.000  0.002
466.000  0.002
467.000  0.002
468.000  0.002
469.000  0.002
470.000  0.002
471.000  0.002
472.000  0.002
473.000  0.002
474.000  0.002
475.000  0.002
476.000  0.002
477.000  0.002
478.000  0.002
479.000  0.008
480.000  0.002
481.000  0.008
482.000  0.002
483.000  0.002
484.000  0.002
485.000  0.008
486.000  0.002
487.000  0.002
488.000  0.002
489.000  0.002
490.000  0.002
491.000  0.002
492.000  0.002
493.000  0.002
494.000  0.002
495.000  0.002
496.000  0.002
497.000  0.002
498.000  0.002
499.000  0.002

