0.000  0.002
0.010  0.002
0.020  0.002
0.030  0.002
0.040  0.002
0.050  0.002
0.060  0.002
0.070  0.002
0.080  0.002
0.090  0.002
0.100  0.002
0.110  0.002
0.120  0.002
0.130  0.002
0.140  0.002
0.150  0.002
0.160  0.002
0.170  0.002
0.180  0.002
0.190  0.002
0.200  0.002
0.210  0.002
0.220  0.002
0.230  0.002
0.240  0.002
0.250  0.002
0.260  0.002
0.270  0.002
0.280  0.002
0.290  0.002
0.300  0.002
0.310  0.002
0.320  0.002
0.330  0.002
0.340  0.002
0.350  0.002
0.360  0.002
0.370  0.002
0.380  0.002
0.390  0.002
0.400  0.002
0.410  0.002
0.420  0.002
0.430  0.002
0.440  0.002
0.450  0.002
0.460  0.002
0.470  0.002
0.480  0.002
0.490  0.002
0.500  0.002
0.510  0.002
0.520  0.002
0.530  0.002
0.540  0.002
0.550  0.002
0.560  0.002
0.570  0.002
0.580  0.002
0.590  0.002
0.600  0.002
0.610  0.002
0.620  0.002
0.630  0.002
0.640  0.002
0.650  0.002
0.660  0.002
0.670  0.002
0.680  0.002
0.690  0.002
0.700  0.002
0.710  0.002
0.720  0.002
0.730  0.002
0.740  0.002
0.750  0.002
0.760  0.002
0.770  0.002
0.780  0.002
0.790  0.002
0.800  0.002
0.810  0.002
0.820  0.002
0.830  0.002
0.840  0.002
0.850  0.002
0.860  0.002
0.870  0.002
0.880  0.002
0.890  0.002
0.900  0.002
0.910  0.002
0.920  0.002
0.930  0.002
0.940  0.002
0.950  0.002
0.960  0.002
0.970  0.002
0.980  0.002
0.990  0.002
1.000  0.002
1.010  0.002
1.020  0.002
1.030  0.002
1.040  0.002
1.050  0.002
1.060  0.002
1.070  0.002
1.080  0.002
1.090  0.002
1.100  0.002
1.110  0.002
1.120  0.002
1.130  0.002
1.140  0.002
1.150  0.002
1.160  0.002
1.170  0.002
1.180  0.002
1.190  0.002
1.200  0.002
1.210  0.002
1.220  0.002
1.230  0.002
1.240  0.002
1.250  0.002
1.260  0.002
1.270  0.002
1.280  0.002
1.290  0.002
1.300  0.002
1.310  0.002
1.320  0.002
1.330  0.006
1.340  0.002
1.350  0.002
1.360  0.002
1.370  0.002
1.380  0.002
1.390  0.002
1.400  0.002
1.410  0.002
1.420  0.002
1.430  0.002
1.440  0.002
1.450  0.002
1.460  0.002
1.470  0.002
1.480  0.002
1.490  0.002
1.500  0.002
1.510  0.002
1.520  0.002
1.530  0.002
1.540  0.002
1.550  0.002
1.560  0.002
1.570  0.002
1.580  0.002
1.590  0.002
1.600  0.002
1.610  0.002
1.620  0.002
1.630  0.002
1.640  0.002
1.650  0.002
1.660  0.002
1.670  0.002
1.680  0.002
1.690  0.002
1.700  0.002
1.710  0.002
1.720  0.002
1.730  0.002
1.740  0.002
1.750  0.002
1.760  0.002
1.770  0.002
1.780  0.002
1.790  0.002
1.800  0.002
1.810  0.002
1.820  0.002
1.830  0.002
1.840  0.002
1.850  0.002
1.860  0.002
1.870  0.002
1.880  0.002
1.890  0.002
1.900  0.002
1.910  0.002
1.920  0.002
1.930  0.002
1.940  0.002
1.950  0.002
1.960  0.002
1.970  0.002
1.980  0.002
1.990  0.002
2.000  0.002
2.010  0.002
2.020  0.002
2.030  0.002
2.040  0.002
2.050  0.008
2.060  0.002
2.070  0.002
2.080  0.002
2.090  0.002
2.100  0.002
2.110  0.002
2.120  0.002
2.130  0.008
2.140  0.002
2.150  0.002
2.160  0.002
2.170  0.002
2.180  0.002
2.190  0.002
2.200  0.002
2.210  0.002
2.220  0.002
2.230  0.002
2.240  0.002
2.250  0.002
2.260  0.002
2.270  0.002
2.280  0.002
2.290  0.002
2.300  0.002
2.310  0.002
2.320  0.002
2.330  0.002
2.340  0.002
2.350  0.002
2.360  0.002
2.370  0.002
2.380  0.002
2.390  0.002
2.400  0.002
2.410  0.002
2.420  0.002
2.430  0.008
2.440  0.002
2.450  0.002
2.460  0.002
2.470  0.002
2.480  0.002
2.490  0.002
2.500  0.002
2.510  0.002
2.520  0.002
2.530  0.002
2.540  0.002
2.550  0.002
2.560  0.002
2.570  0.002
2.580  0.002
2.590  0.002
2.600  0.002
2.610  0.002
2.620  0.002
2.630  0.002
2.640  0.002
2.650  0.002
2.660  0.002
2.670  0.002
2.680  0.002
2.690  0.002
2.700  0.002
2.710  0.002
2.720  0.002
2.730  0.002
2.740  0.002
2.750  0.002
2.760  0.002
2.770  0.002
2.780  0.002
2.790  0.002
2.800  0.002
2.810  0.002
2.820  0.002
2.830  0.002
2.840  0.002
2.850  0.002
2.860  0.002
2.870  0.002
2.880  0.002
2.890  0.002
2.900  0.002
2.910  0.002
2.920  0.002
2.930  0.002
2.940  0.002
2.950  0.002
2.960  0.002
2.970  0.002
2.980  0.002
2.990  0.002
3.000  0.002
3.010  0.002
3.020  0.006
3.030  0.002
3.040  0.002
3.050  0.002
3.060  0.002
3.070  0.002
3.080  0.002
3.090  0.002
3.100  0.002
3.110  0.002
3.120  0.002
3.130  0.002
3.140  0.002
3.150  0.002
3.160  0.002
3.170  0.002
3.180  0.002
3.190  0.002
3.200  0.002
3.210  0.002
3.220  0.002
3.230  0.002
3.240  0.002
3.250  0.002
3.260  0.002
3.270  0.002
3.280  0.002
3.290  0.002
3.300  0.002
3.310  0.002
3.320  0.002
3.330  0.002
3.340  0.002
3.350  0.002
3.360  0.002
3.370  0.002
3.380  0.002
3.390  0.002
3.400  0.002
3.410  0.002
3.420  0.002
3.430  0.002
3.440  0.002
3.450  0.002
3.460  0.002
3.470  0.002
3.480  0.002
3.490  0.002
3.500  0.002
3.510  0.002
3.520  0.002
3.530  0.002
3.540  0.002
3.550  0.002
3.560  0.002
3.570  0.002
3.580  0.008
3.590  0.002
3.600  0.002
3.610  0.002
3.620  0.002
3.630  0.002
3.640  0.002
3.650  0.002
3.660  0.002
3.670  0.002
3.680  0.002
3.690  0.002
3.700  0.002
3.710  0.002
3.720  0.002
3.730  0.002
3.740  0.002
3.750  0.002
3.760  0.002
3.770  0.002
3.780  0.002
3.790  0.002
3.800  0.002
3.810  0.002
3.820  0.002
3.830  0.002
3.840  0.002
3.850  0.006
3.860  0.002
3.870  0.002
3.880  0.002
3.890  0.002
3.900  0.002
3.910  0.002
3.920  0.002
3.930  0.002
3.940  0.002
3.950  0.002
3.960  0.002
3.970  0.002
3.980  0.002
3.990  0.002
4.000  0.002
4.010  0.002
4.020  0.002
4.030  0.002
4.040  0.002
4.050  0.002
4.060  0.002
4.070  0.002
4.080  0.002
4.090  0.002
4.100  0.002
4.110  0.002
4.120  0.002
4.130  0.002
4.140  0.002
4.150  0.002
4.160  0.002
4.170  0.002
4.180  0.002
4.190  0.002
4.200  0.002
4.210  0.002
4.220  0.002
4.230  0.002
4.240  0.002
4.250  0.002
4.260  0.002
4.270  0.002
4.280  0.002
4.290  0.002
4.300  0.002
4.310  0.002
4.320  0.002
4.330  0.002
4.340  0.002
4.350  0.002
4.360  0.002
4.370  0.002
4.380  0.002
4.390  0.002
4.400  0.002
4.410  0.002
4.420  0.002
4.430  0.002
4.440  0.002
4.450  0.002
4.460  0.002
4.470  0.002
4.480  0.002
4.490  0.002
4.500  0.002
4.510  0.002
4.520  0.002
4.530  0.002
4.540  0.002
4.550  0.002
4.560  0.002
4.570  0.002
4.580  0.002
4.590  0.002
4.600  0.002
4.610  0.002
4.620  0.002
4.630  0.002
4.640  0.002
4.650  0.002
4.660  0.002
4.670  0.002
4.680  0.002
4.690  0.002
4.700  0.002
4.710  0.002
4.720  0.002
4.730  0.002
4.740  0.002
4.750  0.002
4.760  0.002
4.770  0.002
4.780  0.002
4.790  0.002
4.800  0.002
4.810  0.002
4.820  0.002
4.830  0.002
4.840  0.002
4.850  0.002
4.860  0.002
4.870  0.002
4.880  0.002
4.890  0.002
4.900  0.002
4.910  0.002
4.920  0.002
4.930  0.002
4.940  0.002
4.950  0.002
4.960  0.002
4.970  0.002
4.980  0.002
4.990  0.002

