0.000  0.002
0.040  0.002
0.080  0.002
0.120  0.002
0.160  0.002
0.200  0.002
0.240  0.002
0.280  0.002
0.320  0.002
0.360  0.002
0.400  0.002
0.440  0.002
0.480  0.002
0.520  0.002
0.560  0.002
0.600  0.002
0.640  0.002
0.680  0.002
0.720  0.002
0.760  0.002
0.800  0.002
0.840  0.002
0.880  0.002
0.920  0.008
0.960  0.002
1.000  0.002
1.040  0.002
1.080  0.002
1.120  0.008
1.160  0.008
1.200  0.002
1.240  0.002
1.280  0.002
1.320  0.002
1.360  0.002
1.400  0.002
1.440  0.002
1.480  0.002
1.520  0.002
1.560  0.002
1.600  0.002
1.640  0.006
1.680  0.008
1.720  0.008
1.760  0.006
1.800  0.002
1.840  0.002
1.880  0.002
1.920  0.002
1.960  0.002
2.000  0.008
2.040  0.002
2.080  0.008
2.120  0.002
2.160  0.008
2.200  0.002
2.240  0.002
2.280  0.002
2.320  0.002
2.360  0.002
2.400  0.002
2.440  0.002
2.480  0.002
2.520  0.006
2.560  0.008
2.600  0.008
2.640  0.008
2.680  0.002
2.720  0.006
2.760  0.002
2.800  0.002
2.840  0.008
2.880  0.008
2.920  0.002
2.960  0.002
3.000  0.002
3.040  0.002
3.080  0.002
3.120  0.002
3.160  0.008
3.200  0.002
3.240  0.002
3.280  0.002
3.320  0.002
3.360  0.008
3.400  0.002
3.440  0.002
3.480  0.002
3.520  0.002
3.560  0.002
3.600  0.002
3.640  0.002
3.680  0.002
3.720  0.002
3.760  0.002
3.800  0.002
3.840  0.002
3.880  0.002
3.920  0.006
3.960  0.002
4.000  0.002
4.040  0.006
4.080  0.008
4.120  0.002
4.160  0.002
4.200  0.002
4.240  0.002
4.280  0.002
4.320  0.002
4.360  0.002
4.400  0.002
4.440  0.008
4.480  0.002
4.520  0.006
4.560  0.002
4.600  0.008
4.640  0.002
4.680  0.002
4.720  0.002
4.760  0.006
4.800  0.002
4.840  0.002
4.880  0.002
4.920  0.002
4.960  0.002
5.000  0.002
5.040  0.002
5.080  0.002
5.120  0.002
5.160  0.002
5.200  0.002
5.240  0.002
5.280  0.002
5.320  0.002
5.360  0.002
5.400  0.002
5.440  0.002
5.480  0.002
5.520  0.002
5.560  0.002
5.600  0.002
5.640  0.002
5.680  0.002
5.720  0.002
5.760  0.002
5.800  0.002
5.840  0.002
5.880  0.002
5.920  0.002
5.960  0.002
6.000  0.002
6.040  0.002
6.080  0.002
6.120  0.002
6.160  0.002
6.200  0.002
6.240  0.002
6.280  0.002
6.320  0.002
6.360  0.002
6.400  0.002
6.440  0.002
6.480  0.002
6.520  0.002
6.560  0.002
6.600  0.002
6.640  0.002
6.680  0.002
6.720  0.002
6.760  0.002
6.800  0.002
6.840  0.002
6.880  0.002
6.920  0.002
6.960  0.002
7.000  0.002
7.040  0.002
7.080  0.002
7.120  0.002
7.160  0.002
7.200  0.002
7.240  0.002
7.280  0.002
7.320  0.002
7.360  0.002
7.400  0.002
7.440  0.002
7.480  0.002
7.520  0.002
7.560  0.002
7.600  0.002
7.640  0.002
7.680  0.002
7.720  0.002
7.760  0.002
7.800  0.002
7.840  0.002
7.880  0.002
7.920  0.002
7.960  0.002
8.000  0.002
8.040  0.002
8.080  0.002
8.120  0.002
8.160  0.002
8.200  0.002
8.240  0.002
8.280  0.002
8.320  0.002
8.360  0.002
8.400  0.002
8.440  0.002
8.480  0.002
8.520  0.002
8.560  0.002
8.600  0.002
8.640  0.002
8.680  0.002
8.720  0.002
8.760  0.002
8.800  0.002
8.840  0.002
8.880  0.002
8.920  0.002
8.960  0.002
9.000  0.002
9.040  0.002
9.080  0.002
9.120  0.002
9.160  0.002
9.200  0.002
9.240  0.002
9.280  0.002
9.320  0.002
9.360  0.002
9.400  0.002
9.440  0.002
9.480  0.002
9.520  0.002
9.560  0.002
9.600  0.002
9.640  0.002
9.680  0.002
9.720  0.002
9.760  0.002
9.800  0.002
9.840  0.002
9.880  0.002
9.920  0.002
9.960  0.002
10.000  0.002
10.040  0.002
10.080  0.002
10.120  0.002
10.160  0.002
10.200  0.002
10.240  0.002
10.280  0.002
10.320  0.002
10.360  0.002
10.400  0.002
10.440  0.002
10.480  0.002
10.520  0.002
10.560  0.002
10.600  0.002
10.640  0.002
10.680  0.002
10.720  0.002
10.760  0.002
10.800  0.002
10.840  0.002
10.880  0.002
10.920  0.002
10.960  0.002
11.000  0.002
11.040  0.002
11.080  0.002
11.120  0.002
11.160  0.002
11.200  0.002
11.240  0.002
11.280  0.002
11.320  0.002
11.360  0.002
11.400  0.002
11.440  0.002
11.480  0.002
11.520  0.002
11.560  0.002
11.600  0.002
11.640  0.002
11.680  0.002
11.720  0.002
11.760  0.002
11.800  0.002
11.840  0.002
11.880  0.002
11.920  0.002
11.960  0.002
12.000  0.002
12.040  0.002
12.080  0.002
12.120  0.002
12.160  0.002
12.200  0.002
12.240  0.002
12.280  0.002
12.320  0.002
12.360  0.002
12.400  0.002
12.440  0.002
12.480  0.002
12.520  0.002
12.560  0.002
12.600  0.002
12.640  0.002
12.680  0.002
12.720  0.002
12.760  0.002
12.800  0.002
12.840  0.002
12.880  0.002
12.920  0.002
12.960  0.002
13.000  0.002
13.040  0.002
13.080  0.002
13.120  0.002
13.160  0.002
13.200  0.002
13.240  0.002
13.280  0.002
13.320  0.002
13.360  0.002
13.400  0.002
13.440  0.002
13.480  0.002
13.520  0.002
13.560  0.002
13.600  0.002
13.640  0.002
13.680  0.002
13.720  0.006
13.760  0.006
13.800  0.002
13.840  0.002
13.880  0.002
13.920  0.002
13.960  0.002
14.000  0.002
14.040  0.002
14.080  0.002
14.120  0.002
14.160  0.002
14.200  0.002
14.240  0.002
14.280  0.008
14.320  0.002
14.360  0.002
14.400  0.002
14.440  0.002
14.480  0.002
14.520  0.002
14.560  0.002
14.600  0.002
14.640  0.002
14.680  0.002
14.720  0.002
14.760  0.002
14.800  0.002
14.840  0.002
14.880  0.002
14.920  0.002
14.960  0.002
15.000  0.002
15.040  0.002
15.080  0.002
15.120  0.002
15.160  0.002
15.200  0.002
15.240  0.002
15.280  0.002
15.320  0.002
15.360  0.002
15.400  0.002
15.440  0.002
15.480  0.002
15.520  0.002
15.560  0.002
15.600  0.002
15.640  0.002
15.680  0.002
15.720  0.002
15.760  0.002
15.800  0.002
15.840  0.002
15.880  0.002
15.920  0.002
15.960  0.002
16.000  0.002
16.040  0.002
16.080  0.002
16.120  0.002
16.160  0.002
16.200  0.002
16.240  0.002
16.280  0.002
16.320  0.002
16.360  0.002
16.400  0.002
16.440  0.002
16.480  0.002
16.520  0.002
16.560  0.002
16.600  0.002
16.640  0.002
16.680  0.002
16.720  0.002
16.760  0.002
16.800  0.002
16.840  0.002
16.880  0.002
16.920  0.002
16.960  0.002
17.000  0.002
17.040  0.002
17.080  0.002
17.120  0.002
17.160  0.002
17.200  0.002
17.240  0.002
17.280  0.002
17.320  0.002
17.360  0.002
17.400  0.002
17.440  0.002
17.480  0.002
17.520  0.002
17.560  0.002
17.600  0.002
17.640  0.002
17.680  0.002
17.720  0.002
17.760  0.002
17.800  0.002
17.840  0.002
17.880  0.002
17.920  0.002
17.960  0.002
18.000  0.002
18.040  0.006
18.080  0.002
18.120  0.002
18.160  0.002
18.200  0.002
18.240  0.002
18.280  0.002
18.320  0.002
18.360  0.002
18.400  0.002
18.440  0.002
18.480  0.002
18.520  0.002
18.560  0.002
18.600  0.002
18.640  0.002
18.680  0.002
18.720  0.002
18.760  0.002
18.800  0.002
18.840  0.002
18.880  0.002
18.920  0.002
18.960  0.002
19.000  0.002
19.040  0.002
19.080  0.002
19.120  0.008
19.160  0.002
19.200  0.002
19.240  0.002
19.280  0.002
19.320  0.002
19.360  0.002
19.400  0.002
19.440  0.002
19.480  0.002
19.520  0.002
19.560  0.002
19.600  0.002
19.640  0.002
19.680  0.002
19.720  0.002
19.760  0.002
19.800  0.002
19.840  0.002
19.880  0.002
19.920  0.002
19.960  0.002

